000000
000001
000002
000003
000004
000005
000006
000007
000008
000009
000010
000011
000012
000013
000014
000015
000016
000017
000018
000019
000020
000021
000022
000023
000024
000025
000026
000027
000028
000029
000030
000031
000032
000033
000034
000035
000036
000037
000038
000039
000040
000041
000042
000043
000044
000045
000046
000047
000048
000049
000050
000051
000052
000053
000054
000055
000056
000057
000058
000059
000060
000061
000062
000063
000064
000065
000066
000067
000068
000069
000070
000071
000072
000073
000074
000075
000076
000077
000078
000079
000080
000081
000082
000083
000084
000085
000086
000087
000088
000089
000090
000091
000092
000093
000094
000095
000096
000097
000098
000099
000100
000101
000102
000103
000104
000105
000106
000107
000108
000109
000110
000111
000112
000113
000114
000115
000116
000117
000118
000119
000120
000121
000122
000123
000124
000125
000126
000127
000128
000129
000130
000131
000132
000133
000134
000135
000136
000137
000138
000139
000140
000141
000142
000143
000144
000145
000146
000147
000148
000149
000150
000151
000152
000153
000154
000155
000156
000157
000158
000159
000160
000161
000162
000163
000164
000165
000166
000167
000168
000169
000170
000171
000172
000173
000174
000175
000176
000177
000178
000179
000180
000181
000182
000183
000184
000185
000186
000187
000188
000189
000190
000191
000192
000193
000194
000195
000196
000197
000198
000199
000200
000201
000202
000203
000204
000205
000206
000207
000208
000209
000210
000211
000212
000213
000214
000215
000216
000217
000218
000219
000220
000221
000222
000223
000224
000225
000226
000227
000228
000229
000230
000231
000232
000233
000234
000235
000236
000237
000238
000239
000240
000241
000242
000243
000244
000245
000246
000247
000248
000249
000250
000251
000252
000253
000254
000255
000256
000257
000258
000259
000260
000261
000262
000263
000264
000265
000266
000267
000268
000269
000270
000271
000272
000273
000274
000275
000276
000277
000278
000279
000280
000281
000282
000283
000284
000285
000286
000287
000288
000289
000290
000291
000292
000293
000294
000295
000296
000297
000298
000299
000300
000301
000302
000303
000304
000305
000306
000307
000308
000309
000310
000311
000312
000313
000314
000315
000316
000317
000318
000319
000320
000321
000322
000323
000324
000325
000326
000327
000328
000329
000330
000331
000332
000333
000334
000335
000336
000337
000338
000339
000340
000341
000342
000343
000344
000345
000346
000347
000348
000349
000350
000351
000352
000353
000354
000355
000356
000357
000358
000359
000360
000361
000362
000363
000364
000365
000366
000367
000368
000369
000370
000371
000372
000373
000374
000375
000376
000377
000378
000379
000380
000381
000382
000383
000384
000385
000386
000387
000388
000389
000390
000391
000392
000393
000394
000395
000396
000397
000398
000399
000400
000401
000402
000403
000404
000405
000406
000407
000408
000409
000410
000411
000412
000413
000414
000415
000416
000417
000418
000419
000420
000421
000422
000423
000424
000425
000426
000427
000428
000429
000430
000431
000432
000433
000434
000435
000436
000437
000438
000439
000440
000441
000442
000443
000444
000445
000446
000447
000448
000449
000450
000451
000452
000453
000454
000455
000456
000457
000458
000459
000460
000461
000462
000463
000464
000465
000466
000467
000468
000469
000470
000471
000472
000473
000474
000475
000476
000477
000478
000479
000480
000481
000482
000483
000484
000485
000486
000487
000488
000489
000490
000491
000492
000493
000494
000495
000496
000497
000498
000499
000500
000501
000502
000503
000504
000505
000506
000507
000508
000509
000510
000511
000512
000513
000514
000515
000516
000517
000518
000519
000520
000521
000522
000523
000524
000525
000526
000527
000528
000529
000530
000531
000532
000533
000534
000535
000536
000537
000538
000539
000540
000541
000542
000543
000544
000545
000546
000547
000548
000549
000550
000551
000552
000553
000554
000555
000556
000557
000558
000559
000560
000561
000562
000563
000564
000565
000566
000567
000568
000569
000570
000571
000572
000573
000574
000575
000576
000577
000578
000579
000580
000581
000582
000583
000584
000585
000586
000587
000588
000589
000590
000591
000592
000593
000594
000595
000596
000597
000598
000599
000600
000601
000602
000603
000604
000605
000606
000607
000608
000609
000610
000611
000612
000613
000614
000615
000616
000617
000618
000619
000620
000621
000622
000623
000624
000625
000626
000627
000628
000629
000630
000631
000632
000633
000634
000635
000636
000637
000638
000639
000640
000641
000642
000643
000644
000645
000646
000647
000648
000649
000650
000651
000652
000653
000654
000655
000656
000657
000658
000659
000660
000661
000662
000663
000664
000665
000666
000667
000668
000669
000670
000671
000672
000673
000674
000675
000676
000677
000678
000679
000680
000681
000682
000683
000684
000685
000686
000687
000688
000689
000690
000691
000692
000693
000694
000695
000696
000697
000698
000699
000700
000701
000702
000703
000704
000705
000706
000707
000708
000709
000710
000711
000712
000713
000714
000715
000716
000717
000718
000719
000720
000721
000722
000723
000724
000725
000726
000727
000728
000729
000730
000731
000732
000733
000734
000735
000736
000737
000738
000739
000740
000741
000742
000743
000744
000745
000746
000747
000748
000749
000750
000751
000752
000753
000754
000755
000756
000757
000758
000759
000760
000761
000762
000763
000764
000765
000766
000767
000768
000769
000770
000771
000772
000773
000774
000775
000776
000777
000778
000779
000780
000781
000782
000783
000784
000785
000786
000787
000788
000789
000790
000791
000792
000793
000794
000795
000796
000797
000798
000799
000800
000801
000802
000803
000804
000805
000806
000807
000808
000809
000810
000811
000812
000813
000814
000815
000816
000817
000818
000819
000820
000821
000822
000823
000824
000825
000826
000827
000828
000829
000830
000831
000832
000833
000834
000835
000836
000837
000838
000839
000840
000841
000842
000843
000844
000845
000846
000847
000848
000849
000850
000851
000852
000853
000854
000855
000856
000857
000858
000859
000860
000861
000862
000863
000864
000865
000866
000867
000868
000869
000870
000871
000872
000873
000874
000875
000876
000877
000878
000879
000880
000881
000882
000883
000884
000885
000886
000887
000888
000889
000890
000891
000892
000893
000894
000895
000896
000897
000898
000899
000900
000901
000902
000903
000904
000905
000906
000907
000908
000909
000910
000911
000912
000913
000914
000915
000916
000917
000918
000919
000920
000921
000922
000923
000924
000925
000926
000927
010001
010002
010003
010004
010005
010006
010007
010008
010009
010010
010011
010012
010013
010014
010015
010016
010017
010018
010019
010020
010021
010022
010023
010024
010025
010026
010027
010028
010029
010030
010031
010032
010033
010034
010035
010036
010037
010038
010039
010040
010041
010042
010043
010044
010045
010046
010047
010048
010049
010050
010051
010052
010053
010054
010055
010056
010057
010058
010059
010060
010061
010062
010063
010064
010065
010066
010067
010068
010069
010070
010071
010072
010073
010074
010075
010076
010077
010078
010079
010080
010081
010082
010083
010084
010085
010086
010087
010088
010089
010090
010091
010092
010093
010094
010095
010096
010097
010098
010099
010100
010101
010102
010103
010104
010105
010106
010107
010108
010109
010110
010111
010112
010113
010114
010115
010116
010117
010118
010119
010120
010121
010122
010123
010124
010125
010126
010127
010128
010129
010130
010131
010132
010133
010134
010135
010136
010137
010138
010139
010140
010141
010142
010143
010144
010145
010146
010147
010148
010149
010150
010151
010152
010153
010154
010155
010156
010157
010158
010159
010160
010161
010162
010163
010164
010165
010166
010167
010168
010169
010170
010171
010172
010173
010174
010175
010176
010177
010178
010179
010180
010181
010182
010183
010184
010185
010186
010187
010188
010189
010190
010191
010192
010193
010194
010195
010196
010197
010198
010199
010200
010201
010202
010203
010204
010205
010206
010207
010208
010209
010210
010211
010212
010213
010214
010215
010216
010217
010218
010219
010220
010221
010222
010223
010224
010225
010226
010227
010228
010229
010230
010231
010232
010233
010234
010235
010236
010237
010238
010239
010240
010241
010242
010243
010244
010245
010246
010247
010248
010249
010250
010251
010252
010253
010254
010255
010256
010257
010258
010259
010260
010261
010262
010263
010264
010265
010266
010267
010268
010269
010270
010271
010272
010273
010274
010275
010276
010277
010278
010279
010280
010281
010282
010283
010284
010285
010286
010287
010288
010289
010290
010291
010292
010293
010294
010295
010296
010297
010298
010299
010300
010301
010302
010303
010304
010305
010306
010307
010308
010309
010310
010311
010312
010313
010314
010315
010316
010317
010318
010319
010320
010321
010322
010323
010324
010325
010326
010327
010328
010329
010330
010331
010332
010333
010334
010335
010336
010337
010338
010339
010340
010341
010342
010343
010344
010345
010346
010347
010348
010349
010350
010351
010352
010353
010354
010355
010356
010357
010358
010359
010360
010361
010362
010363
010364
010365
010366
010367
010368
010369
010370
010371
010372
010373
010374
010375
010376
010377
010378
010379
010380
010381
010382
010383
010384
010385
010386
010387
010388
010389
010390
010391
010392
010393
010394
010395
010396
010397
010398
010399
010400
010401
010402
010403
010404
010405
010406
010407
010408
010409
010410
010411
010412
010413
010414
010415
010416
010417
010418
010419
010420
010421
010422
010423
010424
010425
010426
010427
010428
010429
010430
010431
010432
010433
010434
010435
010436
010437
010438
010439
010440
010441
010442
010443
010444
010445
010446
010447
010448
010449
010450
010451
010452
010453
010454
010455
010456
010457
010458
010459
010460
010461
010462
010463
010464
010465
010466
010467
010468
010469
010470
010471
010472
010473
010474
010475
010476
010477
010478
010479
010480
010481
010482
010483
010484
010485
010486
010487
010488
010489
010490
010491
010492
010493
010494
010495
010496
010497
010498
010499
010500
010501
010502
010503
010504
010505
010506
010507
010508
010509
010510
010511
010512
010513
010514
010515
010516
010517
010518
010519
010520
010521
010522
010523
010524
010525
010526
010527
010528
010529
010530
010531
010532
010533
010534
010535
010536
010537
010538
010539
010540
010541
010542
010543
010544
010545
010546
010547
010548
010549
010550
010551
010552
010553
010554
010555
010556
010557
010558
010559
010560
010561
010562
010563
010564
010565
010566
010567
010568
010569
010570
010571
010572
010573
010574
010575
010576
010577
010578
010579
010580
010581
010582
010583
010584
010585
010586
010587
010588
010589
010590
010591
010592
010593
010594
010595
010596
010597
010598
010599
010600
010601
010602
010603
010604
010605
010606
010607
010608
010609
010610
010611
010612
010613
010614
010615
010616
010617
010618
010619
010620
010621
010622
010623
010624
010625
010626
010627
010628
010629
010630
010631
010632
010633
010634
010635
010636
010637
010638
010639
010640
010641
010642
010643
010644
010645
010646
010647
010648
010649
010650
010651
010652
010653
010654
010655
010656
010657
010658
010659
010660
010661
010662
010663
010664
010665
010666
010667
010668
010669
010670
010671
010672
010673
010674
010675
010676
010677
010678
010679
010680
010681
010682
010683
010684
010685
010686
010687
010688
010689
010690
010691
010692
010693
010694
010695
010696
010697
010698
010699
010700
010701
010702
010703
010704
010705
010706
010707
010708
010709
010710
010711
010712
010713
010714
010715
010716
010717
010718
010719
010720
010721
010722
010723
010724
010725
010726
010727
010728
010729
010730
010731
010732
010733
010734
010735
010736
010737
010738
010739
010740
010741
010742
010743
010744
010745
010746
010747
010748
010749
010750
010751
010752
010753
010754
010755
010756
010757
010758
010759
010760
010761
010762
010763
010764
010765
010766
010767
010768
010769
010770
010771
010772
010773
010774
010775
010776
010777
010778
010779
010780
010781
010782
010783
010784
010785
010786
010787
010788
010789
010790
010791
010792
010793
010794
010795
010796
010797
010798
010799
010800
010801
010802
010803
010804
010805
010806
010807
010808
010809
010810
010811
010812
010813
010814
010815
010816
010817
010818
010819
010820
010821
010822
010823
010824
010825
010826
010827
010828
010829
010830
010831
010832
010833
010834
010835
010836
010837
010838
010839
010840
010841
010842
010843
010844
010845
010846
010847
010848
010849
010850
010851
010852
010853
010854
010855
010856
010857
010858
010859
010860
010861
010862
010863
010864
010865
010866
010867
010868
010869
010870
010871
010872
010873
010874
010875
010876
010877
010878
010879
010880
010881
010882
010883
010884
010885
010886
010887
010888
010889
010890
010891
010892
010893
010894
010895
010896
010897
010898
010899
010900
010901
010902
010903
010904
010905
010906
010907
010908
010909
010910
010911
010912
010913
010914
010915
010916
010917
010918
010919
010920
010921
010922
010923
010924
010925
010926
010927
010928
010929
010930
010931
010932
010933
010934
010935
010936
010937
010938
010939
010940
010941
010942
010943
010944
010945
010946
010947
010948
010949
010950
010951
010952
010953
010954
010955
010956
010957
010958
010959
010960
010961
010962
010963
010964
010965
010966
010967
010968
010969
010970
010971
010972
010973
010974
010975
010976
010977
010978
010979
010980
010981
010982
010983
010984
010985
010986
010987
010988
010989
010990
010991
010992
010993
010994
010995
010996
010997
010998
010999
011000
011001
011002
011003
011004
011005
011006
011007
011008
011009
011010
011011
011012
011013
011014
011015
011016
011017
011018
011019
011020
011021
011022
011023
011024
011025
011026
011027
011028
011029
011030
011031
011032
011033
011034
011035
011036
011037
011038
011039
011040
011041
011042
011043
011044
011045
011046
011047
011048
011049
011050
011051
011052
011053
011054
011055
011056
011057
011058
011059
011060
011061
011062
011063
011064
011065
011066
011067
011068
011069
011070
011071
011072
011073
011074
011075
011076
011077
011078
011079
011080
011081
011082
011083
011084
011085
011086
011087
011088
011089
011090
011091
011092
011093
011094
011095
011096
011097
011098
011099
